seed = 987809617;
pop = 200000;
Inactive_Cycles = 200;
Active_Cycles = 1000;
Total_CPU_Time = 9.01425E+03;
Total_Transport_Time = 9.01231E+03;
inactive_batchSize = 1;
batchSize = 1;
keff_IMP_PROD = [ 1.97555E+05,1.25896E+01];
keff_IMP_ABS = [ 1.78844E+05,1.27992E+01];
keff_SCATTER_PROD = [ 9.83674E+02,1.00389E+00];
keff_ANA_LEAK = [ 2.21283E+04,4.75366E+00];
keff_K_EFF = [ 9.87830E-01,4.58875E-05];
active_batchSize = 1;
active_keff_k_analog = [ 9.87678E-01,8.57256E-05];
active_fiss_Res = reshape([ 1.00000E+02,0.00000E+00],2,1);
active_flux_EnergyBounds = reshape([ 1.00000E-03,1.03356E-03,1.06825E-03,1.10410E-03,1.14116E-03,1.17946E-03,1.21905E-03,1.25996E-03,1.30225E-03,1.34596E-03,1.39113E-03,1.43782E-03,1.48608E-03,1.53595E-03,1.58750E-03,1.64078E-03,1.69585E-03,1.75277E-03,1.81160E-03,1.87240E-03,1.93524E-03,2.00019E-03,2.06733E-03,2.13671E-03,2.20842E-03,2.28254E-03,2.35915E-03,2.43833E-03,2.52017E-03,2.60475E-03,2.69217E-03,2.78253E-03,2.87592E-03,2.97244E-03,3.07220E-03,3.17532E-03,3.28189E-03,3.39204E-03,3.50588E-03,3.62355E-03,3.74516E-03,3.87086E-03,4.00078E-03,4.13505E-03,4.27383E-03,4.41728E-03,4.56553E-03,4.71876E-03,4.87714E-03,5.04082E-03,5.21001E-03,5.38487E-03,5.56560E-03,5.75239E-03,5.94546E-03,6.14500E-03,6.35125E-03,6.56441E-03,6.78473E-03,7.01244E-03,7.24780E-03,7.49105E-03,7.74247E-03,8.00233E-03,8.27091E-03,8.54850E-03,8.83541E-03,9.13195E-03,9.43844E-03,9.75522E-03,1.00826E-02,1.04210E-02,1.07708E-02,1.11323E-02,1.15059E-02,1.18921E-02,1.22912E-02,1.27037E-02,1.31301E-02,1.35708E-02,1.40262E-02,1.44970E-02,1.49836E-02,1.54864E-02,1.60062E-02,1.65434E-02,1.70987E-02,1.76725E-02,1.82657E-02,1.88787E-02,1.95123E-02,2.01672E-02,2.08441E-02,2.15437E-02,2.22667E-02,2.30140E-02,2.37864E-02,2.45848E-02,2.54099E-02,2.62627E-02,2.71442E-02,2.80552E-02,2.89968E-02,2.99700E-02,3.09759E-02,3.20155E-02,3.30900E-02,3.42006E-02,3.53485E-02,3.65349E-02,3.77611E-02,3.90284E-02,4.03383E-02,4.16922E-02,4.30915E-02,4.45377E-02,4.60325E-02,4.75775E-02,4.91743E-02,5.08247E-02,5.25306E-02,5.42936E-02,5.61158E-02,5.79992E-02,5.99458E-02,6.19578E-02,6.40372E-02,6.61865E-02,6.84079E-02,7.07038E-02,7.30768E-02,7.55295E-02,7.80644E-02,8.06845E-02,8.33924E-02,8.61913E-02,8.90841E-02,9.20740E-02,9.51642E-02,9.83582E-02,1.01659E-01,1.05071E-01,1.08598E-01,1.12243E-01,1.16010E-01,1.19903E-01,1.23928E-01,1.28087E-01,1.32386E-01,1.36829E-01,1.41421E-01,1.46168E-01,1.51074E-01,1.56144E-01,1.61385E-01,1.66801E-01,1.72399E-01,1.78186E-01,1.84166E-01,1.90347E-01,1.96735E-01,2.03338E-01,2.10163E-01,2.17217E-01,2.24507E-01,2.32042E-01,2.39830E-01,2.47879E-01,2.56199E-01,2.64797E-01,2.73685E-01,2.82870E-01,2.92364E-01,3.02176E-01,3.12318E-01,3.22800E-01,3.33634E-01,3.44832E-01,3.56406E-01,3.68367E-01,3.80731E-01,3.93509E-01,4.06716E-01,4.20367E-01,4.34475E-01,4.49057E-01,4.64129E-01,4.79706E-01,4.95806E-01,5.12447E-01,5.29646E-01,5.47422E-01,5.65795E-01,5.84785E-01,6.04412E-01,6.24697E-01,6.45664E-01,6.67334E-01,6.89731E-01,7.12880E-01,7.36806E-01,7.61535E-01,7.87094E-01,8.13511E-01,8.40815E-01,8.69035E-01,8.98202E-01,9.28348E-01,9.59505E-01,9.91709E-01,1.02499E+00,1.05939E+00,1.09495E+00,1.13170E+00,1.16968E+00,1.20894E+00,1.24952E+00,1.29145E+00,1.33480E+00,1.37960E+00,1.42590E+00,1.47376E+00,1.52322E+00,1.57434E+00,1.62718E+00,1.68179E+00,1.73824E+00,1.79658E+00,1.85688E+00,1.91920E+00,1.98361E+00,2.05019E+00,2.11899E+00,2.19011E+00,2.26362E+00,2.33959E+00,2.41811E+00,2.49927E+00,2.58315E+00,2.66985E+00,2.75946E+00,2.85207E+00,2.94780E+00,3.04673E+00,3.14899E+00,3.25468E+00,3.36391E+00,3.47681E+00,3.59350E+00,3.71411E+00,3.83877E+00,3.96761E+00,4.10077E+00,4.23840E+00,4.38065E+00,4.52768E+00,4.67964E+00,4.83670E+00,4.99903E+00,5.16681E+00,5.34022E+00,5.51945E+00,5.70470E+00,5.89617E+00,6.09406E+00,6.29859E+00,6.50998E+00,6.72848E+00,6.95430E+00,7.18770E+00,7.42894E+00,7.67828E+00,7.93598E+00,8.20233E+00,8.47762E+00,8.76215E+00,9.05623E+00,9.36018E+00,9.67434E+00,9.99903E+00,1.03346E+01,1.06815E+01,1.10400E+01,1.14105E+01,1.17935E+01,1.21893E+01,1.25984E+01,1.30212E+01,1.34583E+01,1.39099E+01,1.43768E+01,1.48593E+01,1.53580E+01,1.58735E+01,1.64063E+01,1.69569E+01,1.75260E+01,1.81142E+01,1.87222E+01,1.93505E+01,1.03356E-03,1.06825E-03,1.10410E-03,1.14116E-03,1.17946E-03,1.21905E-03,1.25996E-03,1.30225E-03,1.34596E-03,1.39113E-03,1.43782E-03,1.48608E-03,1.53595E-03,1.58750E-03,1.64078E-03,1.69585E-03,1.75277E-03,1.81160E-03,1.87240E-03,1.93524E-03,2.00019E-03,2.06733E-03,2.13671E-03,2.20842E-03,2.28254E-03,2.35915E-03,2.43833E-03,2.52017E-03,2.60475E-03,2.69217E-03,2.78253E-03,2.87592E-03,2.97244E-03,3.07220E-03,3.17532E-03,3.28189E-03,3.39204E-03,3.50588E-03,3.62355E-03,3.74516E-03,3.87086E-03,4.00078E-03,4.13505E-03,4.27383E-03,4.41728E-03,4.56553E-03,4.71876E-03,4.87714E-03,5.04082E-03,5.21001E-03,5.38487E-03,5.56560E-03,5.75239E-03,5.94546E-03,6.14500E-03,6.35125E-03,6.56441E-03,6.78473E-03,7.01244E-03,7.24780E-03,7.49105E-03,7.74247E-03,8.00233E-03,8.27091E-03,8.54850E-03,8.83541E-03,9.13195E-03,9.43844E-03,9.75522E-03,1.00826E-02,1.04210E-02,1.07708E-02,1.11323E-02,1.15059E-02,1.18921E-02,1.22912E-02,1.27037E-02,1.31301E-02,1.35708E-02,1.40262E-02,1.44970E-02,1.49836E-02,1.54864E-02,1.60062E-02,1.65434E-02,1.70987E-02,1.76725E-02,1.82657E-02,1.88787E-02,1.95123E-02,2.01672E-02,2.08441E-02,2.15437E-02,2.22667E-02,2.30140E-02,2.37864E-02,2.45848E-02,2.54099E-02,2.62627E-02,2.71442E-02,2.80552E-02,2.89968E-02,2.99700E-02,3.09759E-02,3.20155E-02,3.30900E-02,3.42006E-02,3.53485E-02,3.65349E-02,3.77611E-02,3.90284E-02,4.03383E-02,4.16922E-02,4.30915E-02,4.45377E-02,4.60325E-02,4.75775E-02,4.91743E-02,5.08247E-02,5.25306E-02,5.42936E-02,5.61158E-02,5.79992E-02,5.99458E-02,6.19578E-02,6.40372E-02,6.61865E-02,6.84079E-02,7.07038E-02,7.30768E-02,7.55295E-02,7.80644E-02,8.06845E-02,8.33924E-02,8.61913E-02,8.90841E-02,9.20740E-02,9.51642E-02,9.83582E-02,1.01659E-01,1.05071E-01,1.08598E-01,1.12243E-01,1.16010E-01,1.19903E-01,1.23928E-01,1.28087E-01,1.32386E-01,1.36829E-01,1.41421E-01,1.46168E-01,1.51074E-01,1.56144E-01,1.61385E-01,1.66801E-01,1.72399E-01,1.78186E-01,1.84166E-01,1.90347E-01,1.96735E-01,2.03338E-01,2.10163E-01,2.17217E-01,2.24507E-01,2.32042E-01,2.39830E-01,2.47879E-01,2.56199E-01,2.64797E-01,2.73685E-01,2.82870E-01,2.92364E-01,3.02176E-01,3.12318E-01,3.22800E-01,3.33634E-01,3.44832E-01,3.56406E-01,3.68367E-01,3.80731E-01,3.93509E-01,4.06716E-01,4.20367E-01,4.34475E-01,4.49057E-01,4.64129E-01,4.79706E-01,4.95806E-01,5.12447E-01,5.29646E-01,5.47422E-01,5.65795E-01,5.84785E-01,6.04412E-01,6.24697E-01,6.45664E-01,6.67334E-01,6.89731E-01,7.12880E-01,7.36806E-01,7.61535E-01,7.87094E-01,8.13511E-01,8.40815E-01,8.69035E-01,8.98202E-01,9.28348E-01,9.59505E-01,9.91709E-01,1.02499E+00,1.05939E+00,1.09495E+00,1.13170E+00,1.16968E+00,1.20894E+00,1.24952E+00,1.29145E+00,1.33480E+00,1.37960E+00,1.42590E+00,1.47376E+00,1.52322E+00,1.57434E+00,1.62718E+00,1.68179E+00,1.73824E+00,1.79658E+00,1.85688E+00,1.91920E+00,1.98361E+00,2.05019E+00,2.11899E+00,2.19011E+00,2.26362E+00,2.33959E+00,2.41811E+00,2.49927E+00,2.58315E+00,2.66985E+00,2.75946E+00,2.85207E+00,2.94780E+00,3.04673E+00,3.14899E+00,3.25468E+00,3.36391E+00,3.47681E+00,3.59350E+00,3.71411E+00,3.83877E+00,3.96761E+00,4.10077E+00,4.23840E+00,4.38065E+00,4.52768E+00,4.67964E+00,4.83670E+00,4.99903E+00,5.16681E+00,5.34022E+00,5.51945E+00,5.70470E+00,5.89617E+00,6.09406E+00,6.29859E+00,6.50998E+00,6.72848E+00,6.95430E+00,7.18770E+00,7.42894E+00,7.67828E+00,7.93598E+00,8.20233E+00,8.47762E+00,8.76215E+00,9.05623E+00,9.36018E+00,9.67434E+00,9.99903E+00,1.03346E+01,1.06815E+01,1.10400E+01,1.14105E+01,1.17935E+01,1.21893E+01,1.25984E+01,1.30212E+01,1.34583E+01,1.39099E+01,1.43768E+01,1.48593E+01,1.53580E+01,1.58735E+01,1.64063E+01,1.69569E+01,1.75260E+01,1.81142E+01,1.87222E+01,1.93505E+01,2.00000E+01],300,2);
