seed = -826255877;
pop = 10000;
Source_batches = 200;
Total_CPU_Time = 3.31190E+00;
Transport_time = 3.27185E+00;
batchSize = 1;

